{
  "nbformat": 4,
  "nbformat_minor": 0,
  "metadata": {
    "colab": {
      "provenance": [],
      "toc_visible": true,
      "authorship_tag": "ABX9TyOfkvgKEl/z53F0FIB0UwJc",
      "include_colab_link": true
    },
    "kernelspec": {
      "name": "python3",
      "display_name": "Python 3"
    },
    "language_info": {
      "name": "python"
    }
  },
  "cells": [
    {
      "cell_type": "markdown",
      "metadata": {
        "id": "view-in-github",
        "colab_type": "text"
      },
      "source": [
        "<a href=\"https://colab.research.google.com/github/jbastianrj/Dissimilarity-measures-for-time-series-clustering-/blob/main/portafolios1.ipynb\" target=\"_parent\"><img src=\"https://colab.research.google.com/assets/colab-badge.svg\" alt=\"Open In Colab\"/></a>"
      ]
    },
    {
      "cell_type": "markdown",
      "source": [
        "# Instalación de librerías"
      ],
      "metadata": {
        "id": "0W4OzGZoPrfU"
      }
    },
    {
      "cell_type": "code",
      "execution_count": null,
      "metadata": {
        "colab": {
          "base_uri": "https://localhost:8080/"
        },
        "id": "SsvUCfr10xFw",
        "outputId": "0385cd62-da90-420e-8945-1c55c027e2cf"
      },
      "outputs": [
        {
          "output_type": "stream",
          "name": "stdout",
          "text": [
            "Collecting skfolio\n",
            "  Downloading skfolio-0.2.2-py3-none-any.whl (691 kB)\n",
            "\u001b[2K     \u001b[90m━━━━━━━━━━━━━━━━━━━━━━━━━━━━━━━━━━━━━━━━\u001b[0m \u001b[32m691.1/691.1 kB\u001b[0m \u001b[31m4.2 MB/s\u001b[0m eta \u001b[36m0:00:00\u001b[0m\n",
            "\u001b[?25hRequirement already satisfied: numpy>=1.23.4 in /usr/local/lib/python3.10/dist-packages (from skfolio) (1.25.2)\n",
            "Requirement already satisfied: scipy>=1.8.0 in /usr/local/lib/python3.10/dist-packages (from skfolio) (1.11.4)\n",
            "Requirement already satisfied: pandas>=1.4.1 in /usr/local/lib/python3.10/dist-packages (from skfolio) (2.0.3)\n",
            "Collecting cvxpy>=1.4.1 (from skfolio)\n",
            "  Downloading cvxpy-1.5.1-cp310-cp310-manylinux_2_17_x86_64.manylinux2014_x86_64.whl (1.2 MB)\n",
            "\u001b[2K     \u001b[90m━━━━━━━━━━━━━━━━━━━━━━━━━━━━━━━━━━━━━━━━\u001b[0m \u001b[32m1.2/1.2 MB\u001b[0m \u001b[31m21.6 MB/s\u001b[0m eta \u001b[36m0:00:00\u001b[0m\n",
            "\u001b[?25hCollecting scikit-learn>=1.3.2 (from skfolio)\n",
            "  Downloading scikit_learn-1.5.0-cp310-cp310-manylinux_2_17_x86_64.manylinux2014_x86_64.whl (13.3 MB)\n",
            "\u001b[2K     \u001b[90m━━━━━━━━━━━━━━━━━━━━━━━━━━━━━━━━━━━━━━━━\u001b[0m \u001b[32m13.3/13.3 MB\u001b[0m \u001b[31m58.6 MB/s\u001b[0m eta \u001b[36m0:00:00\u001b[0m\n",
            "\u001b[?25hRequirement already satisfied: joblib>=1.3.2 in /usr/local/lib/python3.10/dist-packages (from skfolio) (1.4.2)\n",
            "Collecting plotly>=5.22.0 (from skfolio)\n",
            "  Downloading plotly-5.22.0-py3-none-any.whl (16.4 MB)\n",
            "\u001b[2K     \u001b[90m━━━━━━━━━━━━━━━━━━━━━━━━━━━━━━━━━━━━━━━━\u001b[0m \u001b[32m16.4/16.4 MB\u001b[0m \u001b[31m53.4 MB/s\u001b[0m eta \u001b[36m0:00:00\u001b[0m\n",
            "\u001b[?25hRequirement already satisfied: osqp>=0.6.2 in /usr/local/lib/python3.10/dist-packages (from cvxpy>=1.4.1->skfolio) (0.6.2.post8)\n",
            "Requirement already satisfied: ecos>=2 in /usr/local/lib/python3.10/dist-packages (from cvxpy>=1.4.1->skfolio) (2.0.13)\n",
            "Collecting clarabel>=0.5.0 (from cvxpy>=1.4.1->skfolio)\n",
            "  Downloading clarabel-0.9.0-cp37-abi3-manylinux_2_17_x86_64.manylinux2014_x86_64.whl (1.8 MB)\n",
            "\u001b[2K     \u001b[90m━━━━━━━━━━━━━━━━━━━━━━━━━━━━━━━━━━━━━━━━\u001b[0m \u001b[32m1.8/1.8 MB\u001b[0m \u001b[31m69.8 MB/s\u001b[0m eta \u001b[36m0:00:00\u001b[0m\n",
            "\u001b[?25hRequirement already satisfied: scs>=3.2.4.post1 in /usr/local/lib/python3.10/dist-packages (from cvxpy>=1.4.1->skfolio) (3.2.4.post2)\n",
            "Requirement already satisfied: python-dateutil>=2.8.2 in /usr/local/lib/python3.10/dist-packages (from pandas>=1.4.1->skfolio) (2.8.2)\n",
            "Requirement already satisfied: pytz>=2020.1 in /usr/local/lib/python3.10/dist-packages (from pandas>=1.4.1->skfolio) (2023.4)\n",
            "Requirement already satisfied: tzdata>=2022.1 in /usr/local/lib/python3.10/dist-packages (from pandas>=1.4.1->skfolio) (2024.1)\n",
            "Requirement already satisfied: tenacity>=6.2.0 in /usr/local/lib/python3.10/dist-packages (from plotly>=5.22.0->skfolio) (8.3.0)\n",
            "Requirement already satisfied: packaging in /usr/local/lib/python3.10/dist-packages (from plotly>=5.22.0->skfolio) (24.1)\n",
            "Requirement already satisfied: threadpoolctl>=3.1.0 in /usr/local/lib/python3.10/dist-packages (from scikit-learn>=1.3.2->skfolio) (3.5.0)\n",
            "Requirement already satisfied: qdldl in /usr/local/lib/python3.10/dist-packages (from osqp>=0.6.2->cvxpy>=1.4.1->skfolio) (0.1.7.post2)\n",
            "Requirement already satisfied: six>=1.5 in /usr/local/lib/python3.10/dist-packages (from python-dateutil>=2.8.2->pandas>=1.4.1->skfolio) (1.16.0)\n",
            "Installing collected packages: plotly, scikit-learn, clarabel, cvxpy, skfolio\n",
            "  Attempting uninstall: plotly\n",
            "    Found existing installation: plotly 5.15.0\n",
            "    Uninstalling plotly-5.15.0:\n",
            "      Successfully uninstalled plotly-5.15.0\n",
            "  Attempting uninstall: scikit-learn\n",
            "    Found existing installation: scikit-learn 1.2.2\n",
            "    Uninstalling scikit-learn-1.2.2:\n",
            "      Successfully uninstalled scikit-learn-1.2.2\n",
            "  Attempting uninstall: cvxpy\n",
            "    Found existing installation: cvxpy 1.3.4\n",
            "    Uninstalling cvxpy-1.3.4:\n",
            "      Successfully uninstalled cvxpy-1.3.4\n",
            "Successfully installed clarabel-0.9.0 cvxpy-1.5.1 plotly-5.22.0 scikit-learn-1.5.0 skfolio-0.2.2\n"
          ]
        }
      ],
      "source": [
        "! pip install skfolio"
      ]
    },
    {
      "cell_type": "code",
      "source": [
        "from plotly.io import show\n",
        "from sklearn.model_selection import train_test_split\n",
        "\n",
        "from skfolio import Population, RiskMeasure\n",
        "from skfolio.cluster import HierarchicalClustering, LinkageMethod\n",
        "#from skfolio.datasets import load_sp500_dataset\n",
        "from skfolio.distance import (\n",
        "    CovarianceDistance,\n",
        "    DistanceCorrelation,\n",
        "    KendallDistance,\n",
        "    MutualInformation,\n",
        "    NBinsMethod,\n",
        "    PearsonDistance,\n",
        "    SpearmanDistance,\n",
        ")\n",
        "from skfolio.optimization import (\n",
        "    EqualWeighted,\n",
        "    HierarchicalRiskParity,\n",
        "    HierarchicalEqualRiskContribution,\n",
        "    MeanRisk, ObjectiveFunction,\n",
        ")\n",
        "from skfolio.preprocessing import prices_to_returns"
      ],
      "metadata": {
        "id": "OiimohHX08xD"
      },
      "execution_count": null,
      "outputs": []
    },
    {
      "cell_type": "code",
      "source": [
        "import numpy as np\n",
        "import pandas as pd"
      ],
      "metadata": {
        "id": "DFZCRXHW1gWz"
      },
      "execution_count": null,
      "outputs": []
    },
    {
      "cell_type": "code",
      "source": [
        "import scipy.spatial.distance as ssd\n",
        "from skfolio.datasets import load_sp500_dataset\n",
        "from skfolio.preprocessing import prices_to_returns\n",
        "from sklearn.model_selection import train_test_split\n",
        "from scipy.stats import skew, kurtosis"
      ],
      "metadata": {
        "id": "TBv2WgNFPFoi"
      },
      "execution_count": null,
      "outputs": []
    },
    {
      "cell_type": "markdown",
      "source": [
        "# Cargamos los datos de series ajustadas"
      ],
      "metadata": {
        "id": "5aiS-5h2PyEX"
      }
    },
    {
      "cell_type": "markdown",
      "source": [],
      "metadata": {
        "id": "Jmy5QXUfP4Rg"
      }
    },
    {
      "cell_type": "code",
      "source": [
        "# Cargamos los datos y obtención de rendimientos\n",
        "prices = load_sp500_dataset()\n",
        "\n",
        "SP = prices_to_returns(prices)*100  # Para expresarlo en términos de porcentajes\n",
        "SP_train, SP_test = train_test_split(SP, test_size=0.2, shuffle=False)"
      ],
      "metadata": {
        "id": "G2rxKE-fPIy-"
      },
      "execution_count": null,
      "outputs": []
    },
    {
      "cell_type": "code",
      "source": [
        "# stocks_sp = pd.read_csv(\"adjusted_data_sp2.csv\")\n",
        "dtw20 = pd.read_csv(\"DTW_train_20activos_test20.csv\",  index_col=0) # Ya está normallizada\n",
        "euclidiana = pd.read_csv(\"euclidiana.csv\", index_col=0) # no normalizada\n"
      ],
      "metadata": {
        "id": "yf-r6HzY1SQ2"
      },
      "execution_count": null,
      "outputs": []
    },
    {
      "cell_type": "code",
      "source": [
        "dtw20"
      ],
      "metadata": {
        "colab": {
          "base_uri": "https://localhost:8080/",
          "height": 696
        },
        "id": "uuHPtkKoQN5V",
        "outputId": "96fcf4c4-56d4-42cf-9884-e70367d0110d"
      },
      "execution_count": null,
      "outputs": [
        {
          "output_type": "execute_result",
          "data": {
            "text/plain": [
              "          AAPL       AMD       BAC       BBY       CVX        GE        HD  \\\n",
              "AAPL  0.000000  0.911028  0.754407  0.801088  0.661214  0.669234  0.656048   \n",
              "AMD   0.911028  0.000000  0.929148  0.951515  0.919200  0.903207  0.891142   \n",
              "BAC   0.754407  0.929148  0.000000  0.810565  0.549583  0.520344  0.586024   \n",
              "BBY   0.801088  0.951515  0.810565  0.000000  0.750589  0.747787  0.715359   \n",
              "CVX   0.661214  0.919200  0.549583  0.750589  0.000000  0.410198  0.469639   \n",
              "GE    0.669234  0.903207  0.520344  0.747787  0.410198  0.000000  0.467748   \n",
              "HD    0.656048  0.891142  0.586024  0.715359  0.469639  0.467748  0.000000   \n",
              "JNJ   0.665152  0.940481  0.560191  0.749858  0.388765  0.411897  0.458989   \n",
              "JPM   0.714701  0.896120  0.498035  0.764621  0.537710  0.505153  0.553377   \n",
              "KO    0.657903  0.928081  0.549403  0.746301  0.393308  0.404140  0.455311   \n",
              "LLY   0.658894  0.912402  0.582371  0.737749  0.425719  0.449026  0.485525   \n",
              "MRK   0.658737  0.911613  0.572466  0.747912  0.418702  0.435100  0.485248   \n",
              "MSFT  0.654229  0.887450  0.599468  0.728974  0.486883  0.482686  0.507793   \n",
              "PEP   0.656777  0.929862  0.560268  0.740538  0.407971  0.423227  0.461546   \n",
              "PFE   0.654357  0.905725  0.572395  0.732977  0.425864  0.434973  0.476583   \n",
              "PG    0.656438  0.935708  0.551526  0.748212  0.386008  0.406047  0.458936   \n",
              "RRC   0.864165  1.000000  0.853780  0.919795  0.787514  0.813654  0.817011   \n",
              "UNH   0.703085  0.912425  0.639405  0.762263  0.542614  0.551678  0.570980   \n",
              "WMT   0.645703  0.912682  0.577828  0.729307  0.433494  0.440162  0.452973   \n",
              "XOM   0.657271  0.923953  0.543645  0.750012  0.299811  0.399885  0.463841   \n",
              "\n",
              "           JNJ       JPM        KO       LLY       MRK      MSFT       PEP  \\\n",
              "AAPL  0.665152  0.714701  0.657903  0.658894  0.658737  0.654229  0.656777   \n",
              "AMD   0.940481  0.896120  0.928081  0.912402  0.911613  0.887450  0.929862   \n",
              "BAC   0.560191  0.498035  0.549403  0.582371  0.572466  0.599468  0.560268   \n",
              "BBY   0.749858  0.764621  0.746301  0.737749  0.747912  0.728974  0.740538   \n",
              "CVX   0.388765  0.537710  0.393308  0.425719  0.418702  0.486883  0.407971   \n",
              "GE    0.411897  0.505153  0.404140  0.449026  0.435100  0.482686  0.423227   \n",
              "HD    0.458989  0.553377  0.455311  0.485525  0.485248  0.507793  0.461546   \n",
              "JNJ   0.000000  0.542443  0.341758  0.388735  0.381420  0.468786  0.355895   \n",
              "JPM   0.542443  0.000000  0.533811  0.558809  0.554016  0.564401  0.543521   \n",
              "KO    0.341758  0.533811  0.000000  0.405560  0.400226  0.467117  0.344014   \n",
              "LLY   0.388735  0.558809  0.405560  0.000000  0.420289  0.494167  0.415385   \n",
              "MRK   0.381420  0.554016  0.400226  0.420289  0.000000  0.493552  0.415743   \n",
              "MSFT  0.468786  0.564401  0.467117  0.494167  0.493552  0.000000  0.472982   \n",
              "PEP   0.355895  0.543521  0.344014  0.415385  0.415743  0.472982  0.000000   \n",
              "PFE   0.389671  0.546073  0.407805  0.417599  0.410606  0.484249  0.412710   \n",
              "PG    0.337754  0.539385  0.341094  0.399372  0.400453  0.468445  0.353508   \n",
              "RRC   0.830156  0.828822  0.819180  0.814231  0.815658  0.819768  0.820845   \n",
              "UNH   0.528844  0.614279  0.531656  0.549645  0.539343  0.573527  0.532319   \n",
              "WMT   0.392532  0.552995  0.393199  0.433081  0.436937  0.478883  0.397443   \n",
              "XOM   0.367965  0.531896  0.371609  0.412324  0.408019  0.475497  0.387439   \n",
              "\n",
              "           PFE        PG       RRC       UNH       WMT       XOM  \n",
              "AAPL  0.654357  0.656438  0.864165  0.703085  0.645703  0.657271  \n",
              "AMD   0.905725  0.935708  1.000000  0.912425  0.912682  0.923953  \n",
              "BAC   0.572395  0.551526  0.853780  0.639405  0.577828  0.543645  \n",
              "BBY   0.732977  0.748212  0.919795  0.762263  0.729307  0.750012  \n",
              "CVX   0.425864  0.386008  0.787514  0.542614  0.433494  0.299811  \n",
              "GE    0.434973  0.406047  0.813654  0.551678  0.440162  0.399885  \n",
              "HD    0.476583  0.458936  0.817011  0.570980  0.452973  0.463841  \n",
              "JNJ   0.389671  0.337754  0.830156  0.528844  0.392532  0.367965  \n",
              "JPM   0.546073  0.539385  0.828822  0.614279  0.552995  0.531896  \n",
              "KO    0.407805  0.341094  0.819180  0.531656  0.393199  0.371609  \n",
              "LLY   0.417599  0.399372  0.814231  0.549645  0.433081  0.412324  \n",
              "MRK   0.410606  0.400453  0.815658  0.539343  0.436937  0.408019  \n",
              "MSFT  0.484249  0.468445  0.819768  0.573527  0.478883  0.475497  \n",
              "PEP   0.412710  0.353508  0.820845  0.532319  0.397443  0.387439  \n",
              "PFE   0.000000  0.405394  0.811882  0.542207  0.435915  0.416304  \n",
              "PG    0.405394  0.000000  0.827116  0.532885  0.390536  0.367136  \n",
              "RRC   0.811882  0.827116  0.000000  0.822876  0.814108  0.798471  \n",
              "UNH   0.542207  0.532885  0.822876  0.000000  0.546211  0.540169  \n",
              "WMT   0.435915  0.390536  0.814108  0.546211  0.000000  0.418301  \n",
              "XOM   0.416304  0.367136  0.798471  0.540169  0.418301  0.000000  "
            ],
            "text/html": [
              "\n",
              "  <div id=\"df-4f17bac6-5c41-4504-a1c7-cabe3e615d74\" class=\"colab-df-container\">\n",
              "    <div>\n",
              "<style scoped>\n",
              "    .dataframe tbody tr th:only-of-type {\n",
              "        vertical-align: middle;\n",
              "    }\n",
              "\n",
              "    .dataframe tbody tr th {\n",
              "        vertical-align: top;\n",
              "    }\n",
              "\n",
              "    .dataframe thead th {\n",
              "        text-align: right;\n",
              "    }\n",
              "</style>\n",
              "<table border=\"1\" class=\"dataframe\">\n",
              "  <thead>\n",
              "    <tr style=\"text-align: right;\">\n",
              "      <th></th>\n",
              "      <th>AAPL</th>\n",
              "      <th>AMD</th>\n",
              "      <th>BAC</th>\n",
              "      <th>BBY</th>\n",
              "      <th>CVX</th>\n",
              "      <th>GE</th>\n",
              "      <th>HD</th>\n",
              "      <th>JNJ</th>\n",
              "      <th>JPM</th>\n",
              "      <th>KO</th>\n",
              "      <th>LLY</th>\n",
              "      <th>MRK</th>\n",
              "      <th>MSFT</th>\n",
              "      <th>PEP</th>\n",
              "      <th>PFE</th>\n",
              "      <th>PG</th>\n",
              "      <th>RRC</th>\n",
              "      <th>UNH</th>\n",
              "      <th>WMT</th>\n",
              "      <th>XOM</th>\n",
              "    </tr>\n",
              "  </thead>\n",
              "  <tbody>\n",
              "    <tr>\n",
              "      <th>AAPL</th>\n",
              "      <td>0.000000</td>\n",
              "      <td>0.911028</td>\n",
              "      <td>0.754407</td>\n",
              "      <td>0.801088</td>\n",
              "      <td>0.661214</td>\n",
              "      <td>0.669234</td>\n",
              "      <td>0.656048</td>\n",
              "      <td>0.665152</td>\n",
              "      <td>0.714701</td>\n",
              "      <td>0.657903</td>\n",
              "      <td>0.658894</td>\n",
              "      <td>0.658737</td>\n",
              "      <td>0.654229</td>\n",
              "      <td>0.656777</td>\n",
              "      <td>0.654357</td>\n",
              "      <td>0.656438</td>\n",
              "      <td>0.864165</td>\n",
              "      <td>0.703085</td>\n",
              "      <td>0.645703</td>\n",
              "      <td>0.657271</td>\n",
              "    </tr>\n",
              "    <tr>\n",
              "      <th>AMD</th>\n",
              "      <td>0.911028</td>\n",
              "      <td>0.000000</td>\n",
              "      <td>0.929148</td>\n",
              "      <td>0.951515</td>\n",
              "      <td>0.919200</td>\n",
              "      <td>0.903207</td>\n",
              "      <td>0.891142</td>\n",
              "      <td>0.940481</td>\n",
              "      <td>0.896120</td>\n",
              "      <td>0.928081</td>\n",
              "      <td>0.912402</td>\n",
              "      <td>0.911613</td>\n",
              "      <td>0.887450</td>\n",
              "      <td>0.929862</td>\n",
              "      <td>0.905725</td>\n",
              "      <td>0.935708</td>\n",
              "      <td>1.000000</td>\n",
              "      <td>0.912425</td>\n",
              "      <td>0.912682</td>\n",
              "      <td>0.923953</td>\n",
              "    </tr>\n",
              "    <tr>\n",
              "      <th>BAC</th>\n",
              "      <td>0.754407</td>\n",
              "      <td>0.929148</td>\n",
              "      <td>0.000000</td>\n",
              "      <td>0.810565</td>\n",
              "      <td>0.549583</td>\n",
              "      <td>0.520344</td>\n",
              "      <td>0.586024</td>\n",
              "      <td>0.560191</td>\n",
              "      <td>0.498035</td>\n",
              "      <td>0.549403</td>\n",
              "      <td>0.582371</td>\n",
              "      <td>0.572466</td>\n",
              "      <td>0.599468</td>\n",
              "      <td>0.560268</td>\n",
              "      <td>0.572395</td>\n",
              "      <td>0.551526</td>\n",
              "      <td>0.853780</td>\n",
              "      <td>0.639405</td>\n",
              "      <td>0.577828</td>\n",
              "      <td>0.543645</td>\n",
              "    </tr>\n",
              "    <tr>\n",
              "      <th>BBY</th>\n",
              "      <td>0.801088</td>\n",
              "      <td>0.951515</td>\n",
              "      <td>0.810565</td>\n",
              "      <td>0.000000</td>\n",
              "      <td>0.750589</td>\n",
              "      <td>0.747787</td>\n",
              "      <td>0.715359</td>\n",
              "      <td>0.749858</td>\n",
              "      <td>0.764621</td>\n",
              "      <td>0.746301</td>\n",
              "      <td>0.737749</td>\n",
              "      <td>0.747912</td>\n",
              "      <td>0.728974</td>\n",
              "      <td>0.740538</td>\n",
              "      <td>0.732977</td>\n",
              "      <td>0.748212</td>\n",
              "      <td>0.919795</td>\n",
              "      <td>0.762263</td>\n",
              "      <td>0.729307</td>\n",
              "      <td>0.750012</td>\n",
              "    </tr>\n",
              "    <tr>\n",
              "      <th>CVX</th>\n",
              "      <td>0.661214</td>\n",
              "      <td>0.919200</td>\n",
              "      <td>0.549583</td>\n",
              "      <td>0.750589</td>\n",
              "      <td>0.000000</td>\n",
              "      <td>0.410198</td>\n",
              "      <td>0.469639</td>\n",
              "      <td>0.388765</td>\n",
              "      <td>0.537710</td>\n",
              "      <td>0.393308</td>\n",
              "      <td>0.425719</td>\n",
              "      <td>0.418702</td>\n",
              "      <td>0.486883</td>\n",
              "      <td>0.407971</td>\n",
              "      <td>0.425864</td>\n",
              "      <td>0.386008</td>\n",
              "      <td>0.787514</td>\n",
              "      <td>0.542614</td>\n",
              "      <td>0.433494</td>\n",
              "      <td>0.299811</td>\n",
              "    </tr>\n",
              "    <tr>\n",
              "      <th>GE</th>\n",
              "      <td>0.669234</td>\n",
              "      <td>0.903207</td>\n",
              "      <td>0.520344</td>\n",
              "      <td>0.747787</td>\n",
              "      <td>0.410198</td>\n",
              "      <td>0.000000</td>\n",
              "      <td>0.467748</td>\n",
              "      <td>0.411897</td>\n",
              "      <td>0.505153</td>\n",
              "      <td>0.404140</td>\n",
              "      <td>0.449026</td>\n",
              "      <td>0.435100</td>\n",
              "      <td>0.482686</td>\n",
              "      <td>0.423227</td>\n",
              "      <td>0.434973</td>\n",
              "      <td>0.406047</td>\n",
              "      <td>0.813654</td>\n",
              "      <td>0.551678</td>\n",
              "      <td>0.440162</td>\n",
              "      <td>0.399885</td>\n",
              "    </tr>\n",
              "    <tr>\n",
              "      <th>HD</th>\n",
              "      <td>0.656048</td>\n",
              "      <td>0.891142</td>\n",
              "      <td>0.586024</td>\n",
              "      <td>0.715359</td>\n",
              "      <td>0.469639</td>\n",
              "      <td>0.467748</td>\n",
              "      <td>0.000000</td>\n",
              "      <td>0.458989</td>\n",
              "      <td>0.553377</td>\n",
              "      <td>0.455311</td>\n",
              "      <td>0.485525</td>\n",
              "      <td>0.485248</td>\n",
              "      <td>0.507793</td>\n",
              "      <td>0.461546</td>\n",
              "      <td>0.476583</td>\n",
              "      <td>0.458936</td>\n",
              "      <td>0.817011</td>\n",
              "      <td>0.570980</td>\n",
              "      <td>0.452973</td>\n",
              "      <td>0.463841</td>\n",
              "    </tr>\n",
              "    <tr>\n",
              "      <th>JNJ</th>\n",
              "      <td>0.665152</td>\n",
              "      <td>0.940481</td>\n",
              "      <td>0.560191</td>\n",
              "      <td>0.749858</td>\n",
              "      <td>0.388765</td>\n",
              "      <td>0.411897</td>\n",
              "      <td>0.458989</td>\n",
              "      <td>0.000000</td>\n",
              "      <td>0.542443</td>\n",
              "      <td>0.341758</td>\n",
              "      <td>0.388735</td>\n",
              "      <td>0.381420</td>\n",
              "      <td>0.468786</td>\n",
              "      <td>0.355895</td>\n",
              "      <td>0.389671</td>\n",
              "      <td>0.337754</td>\n",
              "      <td>0.830156</td>\n",
              "      <td>0.528844</td>\n",
              "      <td>0.392532</td>\n",
              "      <td>0.367965</td>\n",
              "    </tr>\n",
              "    <tr>\n",
              "      <th>JPM</th>\n",
              "      <td>0.714701</td>\n",
              "      <td>0.896120</td>\n",
              "      <td>0.498035</td>\n",
              "      <td>0.764621</td>\n",
              "      <td>0.537710</td>\n",
              "      <td>0.505153</td>\n",
              "      <td>0.553377</td>\n",
              "      <td>0.542443</td>\n",
              "      <td>0.000000</td>\n",
              "      <td>0.533811</td>\n",
              "      <td>0.558809</td>\n",
              "      <td>0.554016</td>\n",
              "      <td>0.564401</td>\n",
              "      <td>0.543521</td>\n",
              "      <td>0.546073</td>\n",
              "      <td>0.539385</td>\n",
              "      <td>0.828822</td>\n",
              "      <td>0.614279</td>\n",
              "      <td>0.552995</td>\n",
              "      <td>0.531896</td>\n",
              "    </tr>\n",
              "    <tr>\n",
              "      <th>KO</th>\n",
              "      <td>0.657903</td>\n",
              "      <td>0.928081</td>\n",
              "      <td>0.549403</td>\n",
              "      <td>0.746301</td>\n",
              "      <td>0.393308</td>\n",
              "      <td>0.404140</td>\n",
              "      <td>0.455311</td>\n",
              "      <td>0.341758</td>\n",
              "      <td>0.533811</td>\n",
              "      <td>0.000000</td>\n",
              "      <td>0.405560</td>\n",
              "      <td>0.400226</td>\n",
              "      <td>0.467117</td>\n",
              "      <td>0.344014</td>\n",
              "      <td>0.407805</td>\n",
              "      <td>0.341094</td>\n",
              "      <td>0.819180</td>\n",
              "      <td>0.531656</td>\n",
              "      <td>0.393199</td>\n",
              "      <td>0.371609</td>\n",
              "    </tr>\n",
              "    <tr>\n",
              "      <th>LLY</th>\n",
              "      <td>0.658894</td>\n",
              "      <td>0.912402</td>\n",
              "      <td>0.582371</td>\n",
              "      <td>0.737749</td>\n",
              "      <td>0.425719</td>\n",
              "      <td>0.449026</td>\n",
              "      <td>0.485525</td>\n",
              "      <td>0.388735</td>\n",
              "      <td>0.558809</td>\n",
              "      <td>0.405560</td>\n",
              "      <td>0.000000</td>\n",
              "      <td>0.420289</td>\n",
              "      <td>0.494167</td>\n",
              "      <td>0.415385</td>\n",
              "      <td>0.417599</td>\n",
              "      <td>0.399372</td>\n",
              "      <td>0.814231</td>\n",
              "      <td>0.549645</td>\n",
              "      <td>0.433081</td>\n",
              "      <td>0.412324</td>\n",
              "    </tr>\n",
              "    <tr>\n",
              "      <th>MRK</th>\n",
              "      <td>0.658737</td>\n",
              "      <td>0.911613</td>\n",
              "      <td>0.572466</td>\n",
              "      <td>0.747912</td>\n",
              "      <td>0.418702</td>\n",
              "      <td>0.435100</td>\n",
              "      <td>0.485248</td>\n",
              "      <td>0.381420</td>\n",
              "      <td>0.554016</td>\n",
              "      <td>0.400226</td>\n",
              "      <td>0.420289</td>\n",
              "      <td>0.000000</td>\n",
              "      <td>0.493552</td>\n",
              "      <td>0.415743</td>\n",
              "      <td>0.410606</td>\n",
              "      <td>0.400453</td>\n",
              "      <td>0.815658</td>\n",
              "      <td>0.539343</td>\n",
              "      <td>0.436937</td>\n",
              "      <td>0.408019</td>\n",
              "    </tr>\n",
              "    <tr>\n",
              "      <th>MSFT</th>\n",
              "      <td>0.654229</td>\n",
              "      <td>0.887450</td>\n",
              "      <td>0.599468</td>\n",
              "      <td>0.728974</td>\n",
              "      <td>0.486883</td>\n",
              "      <td>0.482686</td>\n",
              "      <td>0.507793</td>\n",
              "      <td>0.468786</td>\n",
              "      <td>0.564401</td>\n",
              "      <td>0.467117</td>\n",
              "      <td>0.494167</td>\n",
              "      <td>0.493552</td>\n",
              "      <td>0.000000</td>\n",
              "      <td>0.472982</td>\n",
              "      <td>0.484249</td>\n",
              "      <td>0.468445</td>\n",
              "      <td>0.819768</td>\n",
              "      <td>0.573527</td>\n",
              "      <td>0.478883</td>\n",
              "      <td>0.475497</td>\n",
              "    </tr>\n",
              "    <tr>\n",
              "      <th>PEP</th>\n",
              "      <td>0.656777</td>\n",
              "      <td>0.929862</td>\n",
              "      <td>0.560268</td>\n",
              "      <td>0.740538</td>\n",
              "      <td>0.407971</td>\n",
              "      <td>0.423227</td>\n",
              "      <td>0.461546</td>\n",
              "      <td>0.355895</td>\n",
              "      <td>0.543521</td>\n",
              "      <td>0.344014</td>\n",
              "      <td>0.415385</td>\n",
              "      <td>0.415743</td>\n",
              "      <td>0.472982</td>\n",
              "      <td>0.000000</td>\n",
              "      <td>0.412710</td>\n",
              "      <td>0.353508</td>\n",
              "      <td>0.820845</td>\n",
              "      <td>0.532319</td>\n",
              "      <td>0.397443</td>\n",
              "      <td>0.387439</td>\n",
              "    </tr>\n",
              "    <tr>\n",
              "      <th>PFE</th>\n",
              "      <td>0.654357</td>\n",
              "      <td>0.905725</td>\n",
              "      <td>0.572395</td>\n",
              "      <td>0.732977</td>\n",
              "      <td>0.425864</td>\n",
              "      <td>0.434973</td>\n",
              "      <td>0.476583</td>\n",
              "      <td>0.389671</td>\n",
              "      <td>0.546073</td>\n",
              "      <td>0.407805</td>\n",
              "      <td>0.417599</td>\n",
              "      <td>0.410606</td>\n",
              "      <td>0.484249</td>\n",
              "      <td>0.412710</td>\n",
              "      <td>0.000000</td>\n",
              "      <td>0.405394</td>\n",
              "      <td>0.811882</td>\n",
              "      <td>0.542207</td>\n",
              "      <td>0.435915</td>\n",
              "      <td>0.416304</td>\n",
              "    </tr>\n",
              "    <tr>\n",
              "      <th>PG</th>\n",
              "      <td>0.656438</td>\n",
              "      <td>0.935708</td>\n",
              "      <td>0.551526</td>\n",
              "      <td>0.748212</td>\n",
              "      <td>0.386008</td>\n",
              "      <td>0.406047</td>\n",
              "      <td>0.458936</td>\n",
              "      <td>0.337754</td>\n",
              "      <td>0.539385</td>\n",
              "      <td>0.341094</td>\n",
              "      <td>0.399372</td>\n",
              "      <td>0.400453</td>\n",
              "      <td>0.468445</td>\n",
              "      <td>0.353508</td>\n",
              "      <td>0.405394</td>\n",
              "      <td>0.000000</td>\n",
              "      <td>0.827116</td>\n",
              "      <td>0.532885</td>\n",
              "      <td>0.390536</td>\n",
              "      <td>0.367136</td>\n",
              "    </tr>\n",
              "    <tr>\n",
              "      <th>RRC</th>\n",
              "      <td>0.864165</td>\n",
              "      <td>1.000000</td>\n",
              "      <td>0.853780</td>\n",
              "      <td>0.919795</td>\n",
              "      <td>0.787514</td>\n",
              "      <td>0.813654</td>\n",
              "      <td>0.817011</td>\n",
              "      <td>0.830156</td>\n",
              "      <td>0.828822</td>\n",
              "      <td>0.819180</td>\n",
              "      <td>0.814231</td>\n",
              "      <td>0.815658</td>\n",
              "      <td>0.819768</td>\n",
              "      <td>0.820845</td>\n",
              "      <td>0.811882</td>\n",
              "      <td>0.827116</td>\n",
              "      <td>0.000000</td>\n",
              "      <td>0.822876</td>\n",
              "      <td>0.814108</td>\n",
              "      <td>0.798471</td>\n",
              "    </tr>\n",
              "    <tr>\n",
              "      <th>UNH</th>\n",
              "      <td>0.703085</td>\n",
              "      <td>0.912425</td>\n",
              "      <td>0.639405</td>\n",
              "      <td>0.762263</td>\n",
              "      <td>0.542614</td>\n",
              "      <td>0.551678</td>\n",
              "      <td>0.570980</td>\n",
              "      <td>0.528844</td>\n",
              "      <td>0.614279</td>\n",
              "      <td>0.531656</td>\n",
              "      <td>0.549645</td>\n",
              "      <td>0.539343</td>\n",
              "      <td>0.573527</td>\n",
              "      <td>0.532319</td>\n",
              "      <td>0.542207</td>\n",
              "      <td>0.532885</td>\n",
              "      <td>0.822876</td>\n",
              "      <td>0.000000</td>\n",
              "      <td>0.546211</td>\n",
              "      <td>0.540169</td>\n",
              "    </tr>\n",
              "    <tr>\n",
              "      <th>WMT</th>\n",
              "      <td>0.645703</td>\n",
              "      <td>0.912682</td>\n",
              "      <td>0.577828</td>\n",
              "      <td>0.729307</td>\n",
              "      <td>0.433494</td>\n",
              "      <td>0.440162</td>\n",
              "      <td>0.452973</td>\n",
              "      <td>0.392532</td>\n",
              "      <td>0.552995</td>\n",
              "      <td>0.393199</td>\n",
              "      <td>0.433081</td>\n",
              "      <td>0.436937</td>\n",
              "      <td>0.478883</td>\n",
              "      <td>0.397443</td>\n",
              "      <td>0.435915</td>\n",
              "      <td>0.390536</td>\n",
              "      <td>0.814108</td>\n",
              "      <td>0.546211</td>\n",
              "      <td>0.000000</td>\n",
              "      <td>0.418301</td>\n",
              "    </tr>\n",
              "    <tr>\n",
              "      <th>XOM</th>\n",
              "      <td>0.657271</td>\n",
              "      <td>0.923953</td>\n",
              "      <td>0.543645</td>\n",
              "      <td>0.750012</td>\n",
              "      <td>0.299811</td>\n",
              "      <td>0.399885</td>\n",
              "      <td>0.463841</td>\n",
              "      <td>0.367965</td>\n",
              "      <td>0.531896</td>\n",
              "      <td>0.371609</td>\n",
              "      <td>0.412324</td>\n",
              "      <td>0.408019</td>\n",
              "      <td>0.475497</td>\n",
              "      <td>0.387439</td>\n",
              "      <td>0.416304</td>\n",
              "      <td>0.367136</td>\n",
              "      <td>0.798471</td>\n",
              "      <td>0.540169</td>\n",
              "      <td>0.418301</td>\n",
              "      <td>0.000000</td>\n",
              "    </tr>\n",
              "  </tbody>\n",
              "</table>\n",
              "</div>\n",
              "    <div class=\"colab-df-buttons\">\n",
              "\n",
              "  <div class=\"colab-df-container\">\n",
              "    <button class=\"colab-df-convert\" onclick=\"convertToInteractive('df-4f17bac6-5c41-4504-a1c7-cabe3e615d74')\"\n",
              "            title=\"Convert this dataframe to an interactive table.\"\n",
              "            style=\"display:none;\">\n",
              "\n",
              "  <svg xmlns=\"http://www.w3.org/2000/svg\" height=\"24px\" viewBox=\"0 -960 960 960\">\n",
              "    <path d=\"M120-120v-720h720v720H120Zm60-500h600v-160H180v160Zm220 220h160v-160H400v160Zm0 220h160v-160H400v160ZM180-400h160v-160H180v160Zm440 0h160v-160H620v160ZM180-180h160v-160H180v160Zm440 0h160v-160H620v160Z\"/>\n",
              "  </svg>\n",
              "    </button>\n",
              "\n",
              "  <style>\n",
              "    .colab-df-container {\n",
              "      display:flex;\n",
              "      gap: 12px;\n",
              "    }\n",
              "\n",
              "    .colab-df-convert {\n",
              "      background-color: #E8F0FE;\n",
              "      border: none;\n",
              "      border-radius: 50%;\n",
              "      cursor: pointer;\n",
              "      display: none;\n",
              "      fill: #1967D2;\n",
              "      height: 32px;\n",
              "      padding: 0 0 0 0;\n",
              "      width: 32px;\n",
              "    }\n",
              "\n",
              "    .colab-df-convert:hover {\n",
              "      background-color: #E2EBFA;\n",
              "      box-shadow: 0px 1px 2px rgba(60, 64, 67, 0.3), 0px 1px 3px 1px rgba(60, 64, 67, 0.15);\n",
              "      fill: #174EA6;\n",
              "    }\n",
              "\n",
              "    .colab-df-buttons div {\n",
              "      margin-bottom: 4px;\n",
              "    }\n",
              "\n",
              "    [theme=dark] .colab-df-convert {\n",
              "      background-color: #3B4455;\n",
              "      fill: #D2E3FC;\n",
              "    }\n",
              "\n",
              "    [theme=dark] .colab-df-convert:hover {\n",
              "      background-color: #434B5C;\n",
              "      box-shadow: 0px 1px 3px 1px rgba(0, 0, 0, 0.15);\n",
              "      filter: drop-shadow(0px 1px 2px rgba(0, 0, 0, 0.3));\n",
              "      fill: #FFFFFF;\n",
              "    }\n",
              "  </style>\n",
              "\n",
              "    <script>\n",
              "      const buttonEl =\n",
              "        document.querySelector('#df-4f17bac6-5c41-4504-a1c7-cabe3e615d74 button.colab-df-convert');\n",
              "      buttonEl.style.display =\n",
              "        google.colab.kernel.accessAllowed ? 'block' : 'none';\n",
              "\n",
              "      async function convertToInteractive(key) {\n",
              "        const element = document.querySelector('#df-4f17bac6-5c41-4504-a1c7-cabe3e615d74');\n",
              "        const dataTable =\n",
              "          await google.colab.kernel.invokeFunction('convertToInteractive',\n",
              "                                                    [key], {});\n",
              "        if (!dataTable) return;\n",
              "\n",
              "        const docLinkHtml = 'Like what you see? Visit the ' +\n",
